249
2255330 82164310158686280 2464117757018
2543238 591783915656603670 2198281481630
2425990 517410510636779244 1991745695554
3888436 1950655328425663620 5407231506050
2821064 646954911402458142 3044915043086
3481639 919427637755001545 4948206965715
3968712 2155556530072229200 5500520215224
1654872 49699278756514884 1490936265914
2856637 380167299544172364 3663312320273
2811023 735796557380763696 2799903290093
2360892 207133458981269040 2437675977080
2432008 419997381730623536 2246823187704
3621634 1122674460764469470 5248237005750
2126597 264955136233294899 1801437567403
2310535 358866487700590968 2097123481021
2278061 29892904257102120 2581015978045
2439853 307044613197196875 2797472892667
2819736 212836775058679340 4015137932970
3007732 622955682898459568 3686830783896
1931927 167827033536420544 1631196934989
3392514 1045649599014147050 4460831793150
2244181 250794565247653980 2190996965873
1498076 4550931871041600 1247761071688
2224576 116414509129169760 2826350982248
2573136 569673067726313760 2371082148008
1461260 61559944337690460 896289964882
1865979 92539388965407384 1544577566549
2759364 756617735639887524 2584931687874
2253252 6678672995825160 2780965624682
1253116 5065548181491330 1157149415758
2346874 295706040682056410 2247867526110
2690683 304805743140016140 3307764945065
3010659 798054584836317621 3472731230843
3155128 654245566719764292 4287560621146
4082665 2450445138023671620 5655960175873
1345854 60907274813225422 777575162766
3117148 707687162563053972 3907024630946
2814727 509412882211443900 3460881079777
628534 1318540708614440 214359962730
1936709 160926708557630080 1533166020273
2986175 62768777276748312 4389989365501
3560158 1395823058600764680 4657500563980
2808617 263597718066365800 3736069507749
2888257 174997774324801260 3979804113017
3348007 954484627101342768 4407826336621
342656 30411750130930 88939005798
1545462 57811137719386700 1039675482474
2479988 552232713149668656 2079410355544
3444464 1425878651095550472 4112878043426
1939100 110867921745948510 1971053204198
3530060 1243809894002876098 4769921044086
2876446 94664270963746184 4005641152908
3279016 1125272619197656416 3884511380194
3658177 1726599916074772080 4608330769525
2252072 309025228662087712 2083192428642
3394795 1390918782725575173 3944520504091
4561172 3416585633415154200 7057529730314
1757467 155347693678820864 1174734582729
3898786 1934220878139872550 5423514151766
4152779 2529198462350167992 5943464361901
2659826 522385363640192184 2836840210508
2471180 180579200834185146 2864601775774
826165 8136662103765000 325601424925
3256939 1005417446858924400 3976639399625
3072483 1021220910065311956 3246902915409
2538342 185406837877947432 3236853016172
2239821 274389934750721568 1990422189521
3476947 1305634382730694800 4478534900009
3204731 267708874110365104 4862045311593
4221018 2668455066588018176 6102752574084
3011154 619141683189117374 3665068890294
2152958 309307849441083052 1692924251226
4093852 2293489620148986000 5917634612824
2556852 380690218653230200 2840206652010
2191172 37485763641106560 2386543279240
2710576 462028593357422910 3289865404510
3344981 1149760560633510375 4152948784051
3062183 595345478503336612 4117540082361
2172855 89784740005541685 3043796171003
3713108 1579606963770097150 5074455780654
2001366 146706218073262848 1854467978036
1624263 68773544496964800 1302224989545
2176196 10488636783321840 3042091371160
3654131 1548924030926859360 4832123148245
3152146 377681131087104768 4492503695972
2922311 792317268142904005 3158782954395
4486137 3125712624328549403 6975638497371
3727547 1721302392791567872 4916066807757
4517157 3379768188080368392 6848488887437
3485271 757524829839941800 5171468460645
4024121 2386296167854020384 5439753156233
1877243 64052600449011880 2198986516845
3502247 103522944888142464 6027300622469
2809008 491033759204440386 3248447882654
2646112 102398177482467984 3348370516984
2451797 260444172205524528 3047853542701
2538935 316209855999788625 3056319541475
2625838 357667146989266302 3023111030926
2146861 217687375304472320 1898020315425
2841804 507888204010830900 3629278151666
2015396 69066155193747250 2390386411206
4087554 2026388934503951232 6207124212596
3942757 1574436932293816500 6067689515945
2744995 335903664334339220 3500756300817
3755505 1953554299367381843 4714077793131
2249170 44600536507939902 2703471904246
3810255 1623599460250414776 5416234296629
1641567 34389403950553344 1297343186109
4552677 3493737295653012387 6910501126667
1996598 109627393091694528 1845252220532
2785604 713183562223767684 2756339134834
3413538 1301970067592421720 4153432524410
2222612 41677872192947200 2457482167674
3558331 1501995166726084781 4486244822379
3045801 895627324649930016 3373183150649
1315663 62936717287484777 701426180691
1586256 111573627162035808 1013306352962
2948515 644596538488689632 3506474863521
2509730 358548405598620160 2855285778948
2265552 129551429428432000 2927824057824
2010848 98243033085936310 1960681083822
3248234 911558319199143904 4094330840004
3812358 2021823396997358760 4890893559020
3571225 1459274534867953440 4592638998137
3516722 1413200877508716912 4516934042242
2252365 147169242118040760 2678802746917
1877759 55727797101238080 1888956455873
1593629 37543035758686992 1189632016501
2264848 272776670972139096 2260220319874
3052262 747051004499317000 3682643647650
2811241 420695242501940256 3326257181909
3557178 158058492040764000 6148616843844
4278458 2792974704899753466 6252897697774
2705931 635449162873951965 2678478407435
1936782 159473399278665468 1693142086106
1740083 141769126687770981 1174848231259
2491719 321030778333389880 2845213728813
3663322 1594292892016324500 4822742918090
2149479 107171707689889216 2788632895533
4263823 2676778691682776616 6317371745429
2212969 120965430160387800 2749783159693
2360596 440963856220419918 1983221427446
3429426 801742918705208250 4947986215886
2486740 209365085411458614 2758268998534
3090865 92279268640639080 4728277426933
2075696 123624261479738640 1928689896248
4038941 2114920378046452356 5874016936969
4354952 2999256092818463478 6400377728966
3394576 686898612625924074 4982569664078
2963158 378964640178803858 3869419263462
1988038 51740272852589952 2568887673316
2832255 756925370818508208 2837331310301
3644874 1480455982870789120 4955074204020
2026346 94848296270335336 2290887993954
3365013 1015181679261043920 4524166082165
2796380 581537961220459356 3084405348034
2925001 397427769605976200 3731961741861
3050971 770265113032401120 3578995808353
2598601 529641009364740000 2566671534713
3424387 1451549175728271600 3969417318629
3129228 995519813849363790 3531035092550
2298892 295762506568626240 2279189316490
2673433 388834019653261680 3069440245585
4544875 3355558186143030528 7037178377321
3294506 1093807432638547776 4089406870324
859107 15223243106327220 304628893425
1852452 154456918752960560 1437523993482
1849972 11729347184374620 2336752111250
3402249 1088648030974581675 4514296340411
3911783 1664592486270779260 5832006396177
2191036 202261355750979584 2016006795408
2566126 570338289149444640 2327628345700
4523952 3356958676211178540 6923187152570
3464913 1508974197519977096 4056892941429
3284516 1240839644715682000 3722075998890
2734998 16548219221054400 3727774269140
1666582 168307825484684732 937663061922
2653276 572637675846510770 2623670814870
3485936 1554719549717734056 4075909564034
3516541 1559061948245916816 4208424454069
2834553 603972289129759803 3293840689307
3019654 568802571978280974 3767665844654
4326432 2942690518865640288 6318488231336
3131281 1056615714913168800 3425625225781
2164925 328859408614666995 1678035202987
2975256 636860369295410970 3775021929638
4668252 3685772896689704358 7371735320246
1843856 99997462864615360 1758404768328
2187690 27241610575085340 2342941367282
2142612 187001190954580668 2029727994146
2203147 72672810086741004 3282157134409
1808123 38619596223843120 1661518422845
2904237 407312597541016420 3807945681225
3417944 1176113650454214420 4405316255930
2794947 676230342863323360 2946660767685
2864824 568044804682711040 3390387704640
1556822 131008613745287278 840327500766
1427776 12741039154715850 1461241257238
2862725 813130931413480960 2861975687097
2347632 506363210774784 3002730879008
1216611 59371984803893949 535242129803
3830007 1848971930395656000 5304882444689
3316155 1337027317056620688 3689671407341
2677914 466626247976971082 2881798363806
1745957 109397251171123900 1381661720529
2339868 84460221016692332 2591192474946
982742 29841090496142094 355716852238
1510468 14265168301236248 1509772447002
3646464 1668997023011854704 4622759390744
2495449 448148969418415727 2353934804451
3743275 1930836668020779645 4689676957003
3308204 1100941489424916282 4043113712222
1632223 126731264688560000 1001683722525
3041762 600102648817915590 3892751418742
2639077 302384066406177240 3406432990645
1124159 22920307019560825 591431148915
3289385 1007627517073977723 4150637874011
2491932 455063706711932388 2339730729986
1688390 161053073945097300 1019072254298
4827406 4156438113224277906 7780736914934
3148872 1097997370372619670 3413425904390
1377434 47625374021461936 955358805498
2377791 61097036182021753 3522698550771
1785698 192889455918394560 1119152377172
1906359 209692395545387832 1358458433501
4069792 2408440399052629370 5647247778870
3872340 1903156915075297110 5390656486718
3166851 932158134225581280 3901608028145
1972334 91837534959354162 2250782131766
2743157 660792350753406055 2723195837235
3079975 968503424447222433 3386110071811
2030085 59998521021097020 2664424634513
1198018 20366342203837110 839095506710
3547736 1414422216387199266 4673305372214
3728126 1423857988285531720 5308566040140
2020216 11939284492059540 2060353878890
1820447 47835369932863464 2141309417869
2294437 75773479959685323 3258890885371
2022796 301089189228579500 1380702584610
1722131 46492614786227805 1872387585355
4240080 2679530714268607528 6216164933586
2417196 63372523263111726 2884782030494
3900306 2054796584005651046 5271681430134
1940413 145936548091443200 1567424837529
3565710 1370495396249735490 4689144786278
3386246 744247876317529000 4927291506306
2526178 128278140620326560 3546495545860
1345034 14210861964950784 981247772084
3743512 1876383885888432180 4771497464362